[[1.         0.75559453 0.9424991  0.51370786 0.57277352 0.51370786
  1.         0.60417251 1.         1.         0.51370786 1.
  1.         0.736022   0.48585366]
 [0.61609846 0.67866265 0.78713742 0.46321962 0.51667544 0.46321962
  0.03288879 0.49785769 0.8106071  0.72183453 0.46321962 0.736672
  0.73779658 0.56828598 0.26829268]
 [0.73481761 0.82974343 0.70860294 0.51050306 0.57704228 0.51050306
  0.03323003 0.66283586 0.96981206 0.93830565 0.51050306 0.95271617
  0.95118634 0.79376719 0.36682927]
 [0.52290101 0.57249056 0.67142711 0.52063806 0.35044734 0.52063806
  0.06716394 0.38693789 0.70044278 0.55435014 0.52063806 0.57728075
  0.58455493 0.47662695 0.24097561]
 [0.63122326 0.66882696 0.8619159  0.54025544 0.4408774  0.54025544
  0.0399044  0.50582629 0.79496212 0.75075423 0.54025544 0.7669367
  0.76802176 0.58661778 0.38829268]
 [0.73015763 0.92860737 0.60716115 0.60014085 0.51629209 0.60014085
  0.0459565  0.58206863 0.86135983 0.89509371 0.60014085 0.95919112
  0.9608584  0.71769019 0.24      ]
 [0.70709892 0.86389005 0.64032916 0.52186105 0.57002657 0.52186105
  0.02591914 0.68808954 0.73718331 0.94993098 0.52186105 0.95688545
  0.96342754 0.74335472 0.39121951]
 [0.18404228 0.50037742 0.31246052 0.35943084 0.14661846 0.35943084
  0.         0.25144876 0.04819463 0.27426253 0.35943084 0.27241058
  0.26839958 0.19156737 0.13788488]
 [0.47676158 0.67658877 0.55698018 0.39636689 0.34147373 0.39636689
  0.04197486 0.57497738 0.50927915 0.76038671 0.39636689 0.77162111
  0.77225329 0.53987168 0.45073171]
 [0.39233982 0.68796462 0.64795213 0.34497536 0.25353293 0.34497536
  0.04779321 0.42265647 0.42137164 0.68605821 0.34497536 0.69660191
  0.69805048 0.42529789 0.30634146]
 [0.37017532 0.70008768 0.58286241 0.3889174  0.24957605 0.3889174
  0.05794026 0.31734273 0.33370068 0.55142465 0.3889174  0.5734116
  0.58047454 0.40696609 0.29756098]
 [0.46414642 0.7086272  0.57347242 0.4145938  0.41739599 0.4145938
  0.04931878 0.30288712 0.41672734 0.60155417 0.4145938  0.66720249
  0.6771951  0.49129239 0.29268293]
 [0.7903314  0.80824978 0.62153637 1.         0.42146307 1.
  0.03211275 0.35030753 0.57800807 0.73336386 1.         0.79535587
  0.80534986 0.59578368 0.2604878 ]
 [0.54290574 0.8756357  0.61824134 0.44141715 0.46080502 0.44141715
  0.03960652 0.35721659 0.53874879 0.71204221 0.44141715 0.83625379
  0.83225026 0.57928506 0.41756098]
 [0.73627747 1.         0.74373005 0.58366269 0.50339486 0.58366269
  0.03268805 0.45993673 0.93352357 0.94127686 0.58366269 0.92254732
  0.92927308 0.64252979 0.33463415]]
[[0.7903314  0.80824978 0.62153637 1.         0.42146307 1.
  0.03211275 0.35030753 0.57800807 0.73336386 1.         0.79535587
  0.80534986 0.59578368 0.2604878 ]
 [0.54290574 0.8756357  0.61824134 0.44141715 0.46080502 0.44141715
  0.03960652 0.35721659 0.53874879 0.71204221 0.44141715 0.83625379
  0.83225026 0.57928506 0.41756098]
 [0.73627747 1.         0.74373005 0.58366269 0.50339486 0.58366269
  0.03268805 0.45993673 0.93352357 0.94127686 0.58366269 0.92254732
  0.92927308 0.64252979 0.33463415]
 [0.03961936 0.48141512 0.21315282 0.23979612 0.03747669 0.23979612
  0.02149719 0.         0.10768474 0.06155721 0.23979612 0.08427227
  0.08160798 0.06782768 0.03512195]
 [0.61567859 0.74728375 0.53774777 0.75905162 0.30408228 0.75905162
  0.04822478 0.28446722 0.62879071 0.6532988  0.75905162 0.73149524
  0.73568082 0.45004583 0.36292683]
 [0.38653336 0.32312912 0.1778123  0.32549886 0.3385637  0.32549886
  0.07133918 0.35350178 0.661104   0.62489715 0.32549886 0.62651146
  0.62656793 0.40421632 0.28585366]
 [0.48317737 0.32717014 0.17038567 0.54977552 0.30751938 0.54977552
  0.04676947 0.3830537  0.65960838 0.67758647 0.54977552 0.67798028
  0.67976424 0.45554537 0.2497561 ]
 [0.08223944 0.17620373 0.         0.22125942 0.06768935 0.22125942
  0.01664949 0.22616426 0.24654138 0.30871553 0.22125942 0.3516077
  0.35272782 0.16315307 0.        ]
 [0.55356625 0.3618238  0.19599474 0.48368982 0.34680883 0.48368982
  0.05876326 0.67661074 0.87438748 0.87076032 0.48368982 0.83356419
  0.8505365  0.61350443 0.41756098]
 [0.49627986 0.33528649 0.18708279 0.42846413 0.34071198 0.42846413
  0.05023031 0.56223041 0.78716304 0.83482843 0.42846413 0.91055358
  0.90871996 0.55270394 0.3697561 ]
 [0.5406777  0.37982159 0.21250405 0.44936696 0.39436609 0.44936696
  0.05993103 0.56185681 0.8194295  0.84934588 0.44936696 0.86423822
  0.87773916 0.54537122 0.44682927]
 [0.45436344 0.37987114 0.19472282 0.3883764  0.32348024 0.3883764
  0.08456838 0.49036079 0.74440559 0.72453893 0.3883764  0.7388593
  0.74278374 0.49129239 0.31219512]
 [0.57716697 0.39413671 0.23188158 0.45006865 0.46954597 0.45006865
  0.06125978 0.62272815 0.85616511 0.82267484 0.45006865 0.84058806
  0.85265226 0.56920257 0.71219512]
 [0.61546427 0.         0.57855155 0.38525952 0.63120415 0.38525952
  0.04191173 0.72690506 0.91622552 0.82992534 0.38525952 0.69132196
  0.69109869 0.32722273 1.        ]
 [0.74688693 0.35522473 1.         0.72700182 0.48243761 0.72700182
  0.06305423 0.65130541 0.8276934  0.78333095 0.72700182 0.86590226
  0.86126643 0.50779102 0.53073171]]
[[0.99896111 0.993481   0.696524   0.69764454 1.         0.69764454
  0.04530412 0.91130421 0.95320279 0.84048453 0.69764454 0.88060368
  0.88635333 0.89825848 0.40195122]
 [0.91700928 0.98368343 0.76033326 0.66396536 0.8119863  0.66396536
  0.02364504 1.         0.94373709 0.87362487 0.66396536 0.93327195
  0.9369805  1.         0.43707317]
 [0.73178243 0.9468949  0.68499991 0.47773607 0.64812974 0.47773607
  0.04031591 0.82028591 0.87887435 0.8061862  0.47773607 0.86673821
  0.86035968 0.88542621 0.32780488]
 [0.01020411 0.41614883 0.23863384 0.16614051 0.06743595 0.16614051
  0.07530366 0.10443279 0.         0.         0.16614051 0.
  0.         0.         0.63121951]
 [1.         0.75559453 0.9424991  0.51370786 0.57277352 0.51370786
  1.         0.60417251 1.         1.         0.51370786 1.
  1.         0.736022   0.48585366]
 [0.61609846 0.67866265 0.78713742 0.46321962 0.51667544 0.46321962
  0.03288879 0.49785769 0.8106071  0.72183453 0.46321962 0.736672
  0.73779658 0.56828598 0.26829268]
 [0.73481761 0.82974343 0.70860294 0.51050306 0.57704228 0.51050306
  0.03323003 0.66283586 0.96981206 0.93830565 0.51050306 0.95271617
  0.95118634 0.79376719 0.36682927]
 [0.52290101 0.57249056 0.67142711 0.52063806 0.35044734 0.52063806
  0.06716394 0.38693789 0.70044278 0.55435014 0.52063806 0.57728075
  0.58455493 0.47662695 0.24097561]
 [0.63122326 0.66882696 0.8619159  0.54025544 0.4408774  0.54025544
  0.0399044  0.50582629 0.79496212 0.75075423 0.54025544 0.7669367
  0.76802176 0.58661778 0.38829268]
 [0.73015763 0.92860737 0.60716115 0.60014085 0.51629209 0.60014085
  0.0459565  0.58206863 0.86135983 0.89509371 0.60014085 0.95919112
  0.9608584  0.71769019 0.24      ]
 [0.70709892 0.86389005 0.64032916 0.52186105 0.57002657 0.52186105
  0.02591914 0.68808954 0.73718331 0.94993098 0.52186105 0.95688545
  0.96342754 0.74335472 0.39121951]
 [0.18404228 0.50037742 0.31246052 0.35943084 0.14661846 0.35943084
  0.         0.25144876 0.04819463 0.27426253 0.35943084 0.27241058
  0.26839958 0.19156737 0.13788488]
 [0.47676158 0.67658877 0.55698018 0.39636689 0.34147373 0.39636689
  0.04197486 0.57497738 0.50927915 0.76038671 0.39636689 0.77162111
  0.77225329 0.53987168 0.45073171]
 [0.39233982 0.68796462 0.64795213 0.34497536 0.25353293 0.34497536
  0.04779321 0.42265647 0.42137164 0.68605821 0.34497536 0.69660191
  0.69805048 0.42529789 0.30634146]
 [0.37017532 0.70008768 0.58286241 0.3889174  0.24957605 0.3889174
  0.05794026 0.31734273 0.33370068 0.55142465 0.3889174  0.5734116
  0.58047454 0.40696609 0.29756098]]
[[0.91700928 0.98368343 0.76033326 0.66396536 0.8119863  0.66396536
  0.02364504 1.         0.94373709 0.87362487 0.66396536 0.93327195
  0.9369805  1.         0.43707317]
 [0.73178243 0.9468949  0.68499991 0.47773607 0.64812974 0.47773607
  0.04031591 0.82028591 0.87887435 0.8061862  0.47773607 0.86673821
  0.86035968 0.88542621 0.32780488]
 [0.01020411 0.41614883 0.23863384 0.16614051 0.06743595 0.16614051
  0.07530366 0.10443279 0.         0.         0.16614051 0.
  0.         0.         0.63121951]
 [1.         0.75559453 0.9424991  0.51370786 0.57277352 0.51370786
  1.         0.60417251 1.         1.         0.51370786 1.
  1.         0.736022   0.48585366]
 [0.61609846 0.67866265 0.78713742 0.46321962 0.51667544 0.46321962
  0.03288879 0.49785769 0.8106071  0.72183453 0.46321962 0.736672
  0.73779658 0.56828598 0.26829268]
 [0.73481761 0.82974343 0.70860294 0.51050306 0.57704228 0.51050306
  0.03323003 0.66283586 0.96981206 0.93830565 0.51050306 0.95271617
  0.95118634 0.79376719 0.36682927]
 [0.52290101 0.57249056 0.67142711 0.52063806 0.35044734 0.52063806
  0.06716394 0.38693789 0.70044278 0.55435014 0.52063806 0.57728075
  0.58455493 0.47662695 0.24097561]
 [0.63122326 0.66882696 0.8619159  0.54025544 0.4408774  0.54025544
  0.0399044  0.50582629 0.79496212 0.75075423 0.54025544 0.7669367
  0.76802176 0.58661778 0.38829268]
 [0.73015763 0.92860737 0.60716115 0.60014085 0.51629209 0.60014085
  0.0459565  0.58206863 0.86135983 0.89509371 0.60014085 0.95919112
  0.9608584  0.71769019 0.24      ]
 [0.70709892 0.86389005 0.64032916 0.52186105 0.57002657 0.52186105
  0.02591914 0.68808954 0.73718331 0.94993098 0.52186105 0.95688545
  0.96342754 0.74335472 0.39121951]
 [0.18404228 0.50037742 0.31246052 0.35943084 0.14661846 0.35943084
  0.         0.25144876 0.04819463 0.27426253 0.35943084 0.27241058
  0.26839958 0.19156737 0.13788488]
 [0.47676158 0.67658877 0.55698018 0.39636689 0.34147373 0.39636689
  0.04197486 0.57497738 0.50927915 0.76038671 0.39636689 0.77162111
  0.77225329 0.53987168 0.45073171]
 [0.39233982 0.68796462 0.64795213 0.34497536 0.25353293 0.34497536
  0.04779321 0.42265647 0.42137164 0.68605821 0.34497536 0.69660191
  0.69805048 0.42529789 0.30634146]
 [0.37017532 0.70008768 0.58286241 0.3889174  0.24957605 0.3889174
  0.05794026 0.31734273 0.33370068 0.55142465 0.3889174  0.5734116
  0.58047454 0.40696609 0.29756098]
 [0.46414642 0.7086272  0.57347242 0.4145938  0.41739599 0.4145938
  0.04931878 0.30288712 0.41672734 0.60155417 0.4145938  0.66720249
  0.6771951  0.49129239 0.29268293]]
[[0.39233982 0.68796462 0.64795213 0.34497536 0.25353293 0.34497536
  0.04779321 0.42265647 0.42137164 0.68605821 0.34497536 0.69660191
  0.69805048 0.42529789 0.30634146]
 [0.37017532 0.70008768 0.58286241 0.3889174  0.24957605 0.3889174
  0.05794026 0.31734273 0.33370068 0.55142465 0.3889174  0.5734116
  0.58047454 0.40696609 0.29756098]
 [0.46414642 0.7086272  0.57347242 0.4145938  0.41739599 0.4145938
  0.04931878 0.30288712 0.41672734 0.60155417 0.4145938  0.66720249
  0.6771951  0.49129239 0.29268293]
 [0.7903314  0.80824978 0.62153637 1.         0.42146307 1.
  0.03211275 0.35030753 0.57800807 0.73336386 1.         0.79535587
  0.80534986 0.59578368 0.2604878 ]
 [0.54290574 0.8756357  0.61824134 0.44141715 0.46080502 0.44141715
  0.03960652 0.35721659 0.53874879 0.71204221 0.44141715 0.83625379
  0.83225026 0.57928506 0.41756098]
 [0.73627747 1.         0.74373005 0.58366269 0.50339486 0.58366269
  0.03268805 0.45993673 0.93352357 0.94127686 0.58366269 0.92254732
  0.92927308 0.64252979 0.33463415]
 [0.03961936 0.48141512 0.21315282 0.23979612 0.03747669 0.23979612
  0.02149719 0.         0.10768474 0.06155721 0.23979612 0.08427227
  0.08160798 0.06782768 0.03512195]
 [0.61567859 0.74728375 0.53774777 0.75905162 0.30408228 0.75905162
  0.04822478 0.28446722 0.62879071 0.6532988  0.75905162 0.73149524
  0.73568082 0.45004583 0.36292683]
 [0.38653336 0.32312912 0.1778123  0.32549886 0.3385637  0.32549886
  0.07133918 0.35350178 0.661104   0.62489715 0.32549886 0.62651146
  0.62656793 0.40421632 0.28585366]
 [0.48317737 0.32717014 0.17038567 0.54977552 0.30751938 0.54977552
  0.04676947 0.3830537  0.65960838 0.67758647 0.54977552 0.67798028
  0.67976424 0.45554537 0.2497561 ]
 [0.08223944 0.17620373 0.         0.22125942 0.06768935 0.22125942
  0.01664949 0.22616426 0.24654138 0.30871553 0.22125942 0.3516077
  0.35272782 0.16315307 0.        ]
 [0.55356625 0.3618238  0.19599474 0.48368982 0.34680883 0.48368982
  0.05876326 0.67661074 0.87438748 0.87076032 0.48368982 0.83356419
  0.8505365  0.61350443 0.41756098]
 [0.49627986 0.33528649 0.18708279 0.42846413 0.34071198 0.42846413
  0.05023031 0.56223041 0.78716304 0.83482843 0.42846413 0.91055358
  0.90871996 0.55270394 0.3697561 ]
 [0.5406777  0.37982159 0.21250405 0.44936696 0.39436609 0.44936696
  0.05993103 0.56185681 0.8194295  0.84934588 0.44936696 0.86423822
  0.87773916 0.54537122 0.44682927]
 [0.45436344 0.37987114 0.19472282 0.3883764  0.32348024 0.3883764
  0.08456838 0.49036079 0.74440559 0.72453893 0.3883764  0.7388593
  0.74278374 0.49129239 0.31219512]]
[[0.73178243 0.9468949  0.68499991 0.47773607 0.64812974 0.47773607
  0.04031591 0.82028591 0.87887435 0.8061862  0.47773607 0.86673821
  0.86035968 0.88542621 0.32780488]
 [0.01020411 0.41614883 0.23863384 0.16614051 0.06743595 0.16614051
  0.07530366 0.10443279 0.         0.         0.16614051 0.
  0.         0.         0.63121951]
 [1.         0.75559453 0.9424991  0.51370786 0.57277352 0.51370786
  1.         0.60417251 1.         1.         0.51370786 1.
  1.         0.736022   0.48585366]
 [0.61609846 0.67866265 0.78713742 0.46321962 0.51667544 0.46321962
  0.03288879 0.49785769 0.8106071  0.72183453 0.46321962 0.736672
  0.73779658 0.56828598 0.26829268]
 [0.73481761 0.82974343 0.70860294 0.51050306 0.57704228 0.51050306
  0.03323003 0.66283586 0.96981206 0.93830565 0.51050306 0.95271617
  0.95118634 0.79376719 0.36682927]
 [0.52290101 0.57249056 0.67142711 0.52063806 0.35044734 0.52063806
  0.06716394 0.38693789 0.70044278 0.55435014 0.52063806 0.57728075
  0.58455493 0.47662695 0.24097561]
 [0.63122326 0.66882696 0.8619159  0.54025544 0.4408774  0.54025544
  0.0399044  0.50582629 0.79496212 0.75075423 0.54025544 0.7669367
  0.76802176 0.58661778 0.38829268]
 [0.73015763 0.92860737 0.60716115 0.60014085 0.51629209 0.60014085
  0.0459565  0.58206863 0.86135983 0.89509371 0.60014085 0.95919112
  0.9608584  0.71769019 0.24      ]
 [0.70709892 0.86389005 0.64032916 0.52186105 0.57002657 0.52186105
  0.02591914 0.68808954 0.73718331 0.94993098 0.52186105 0.95688545
  0.96342754 0.74335472 0.39121951]
 [0.18404228 0.50037742 0.31246052 0.35943084 0.14661846 0.35943084
  0.         0.25144876 0.04819463 0.27426253 0.35943084 0.27241058
  0.26839958 0.19156737 0.13788488]
 [0.47676158 0.67658877 0.55698018 0.39636689 0.34147373 0.39636689
  0.04197486 0.57497738 0.50927915 0.76038671 0.39636689 0.77162111
  0.77225329 0.53987168 0.45073171]
 [0.39233982 0.68796462 0.64795213 0.34497536 0.25353293 0.34497536
  0.04779321 0.42265647 0.42137164 0.68605821 0.34497536 0.69660191
  0.69805048 0.42529789 0.30634146]
 [0.37017532 0.70008768 0.58286241 0.3889174  0.24957605 0.3889174
  0.05794026 0.31734273 0.33370068 0.55142465 0.3889174  0.5734116
  0.58047454 0.40696609 0.29756098]
 [0.46414642 0.7086272  0.57347242 0.4145938  0.41739599 0.4145938
  0.04931878 0.30288712 0.41672734 0.60155417 0.4145938  0.66720249
  0.6771951  0.49129239 0.29268293]
 [0.7903314  0.80824978 0.62153637 1.         0.42146307 1.
  0.03211275 0.35030753 0.57800807 0.73336386 1.         0.79535587
  0.80534986 0.59578368 0.2604878 ]]
[[0.70709892 0.86389005 0.64032916 0.52186105 0.57002657 0.52186105
  0.02591914 0.68808954 0.73718331 0.94993098 0.52186105 0.95688545
  0.96342754 0.74335472 0.39121951]
 [0.18404228 0.50037742 0.31246052 0.35943084 0.14661846 0.35943084
  0.         0.25144876 0.04819463 0.27426253 0.35943084 0.27241058
  0.26839958 0.19156737 0.13788488]
 [0.47676158 0.67658877 0.55698018 0.39636689 0.34147373 0.39636689
  0.04197486 0.57497738 0.50927915 0.76038671 0.39636689 0.77162111
  0.77225329 0.53987168 0.45073171]
 [0.39233982 0.68796462 0.64795213 0.34497536 0.25353293 0.34497536
  0.04779321 0.42265647 0.42137164 0.68605821 0.34497536 0.69660191
  0.69805048 0.42529789 0.30634146]
 [0.37017532 0.70008768 0.58286241 0.3889174  0.24957605 0.3889174
  0.05794026 0.31734273 0.33370068 0.55142465 0.3889174  0.5734116
  0.58047454 0.40696609 0.29756098]
 [0.46414642 0.7086272  0.57347242 0.4145938  0.41739599 0.4145938
  0.04931878 0.30288712 0.41672734 0.60155417 0.4145938  0.66720249
  0.6771951  0.49129239 0.29268293]
 [0.7903314  0.80824978 0.62153637 1.         0.42146307 1.
  0.03211275 0.35030753 0.57800807 0.73336386 1.         0.79535587
  0.80534986 0.59578368 0.2604878 ]
 [0.54290574 0.8756357  0.61824134 0.44141715 0.46080502 0.44141715
  0.03960652 0.35721659 0.53874879 0.71204221 0.44141715 0.83625379
  0.83225026 0.57928506 0.41756098]
 [0.73627747 1.         0.74373005 0.58366269 0.50339486 0.58366269
  0.03268805 0.45993673 0.93352357 0.94127686 0.58366269 0.92254732
  0.92927308 0.64252979 0.33463415]
 [0.03961936 0.48141512 0.21315282 0.23979612 0.03747669 0.23979612
  0.02149719 0.         0.10768474 0.06155721 0.23979612 0.08427227
  0.08160798 0.06782768 0.03512195]
 [0.61567859 0.74728375 0.53774777 0.75905162 0.30408228 0.75905162
  0.04822478 0.28446722 0.62879071 0.6532988  0.75905162 0.73149524
  0.73568082 0.45004583 0.36292683]
 [0.38653336 0.32312912 0.1778123  0.32549886 0.3385637  0.32549886
  0.07133918 0.35350178 0.661104   0.62489715 0.32549886 0.62651146
  0.62656793 0.40421632 0.28585366]
 [0.48317737 0.32717014 0.17038567 0.54977552 0.30751938 0.54977552
  0.04676947 0.3830537  0.65960838 0.67758647 0.54977552 0.67798028
  0.67976424 0.45554537 0.2497561 ]
 [0.08223944 0.17620373 0.         0.22125942 0.06768935 0.22125942
  0.01664949 0.22616426 0.24654138 0.30871553 0.22125942 0.3516077
  0.35272782 0.16315307 0.        ]
 [0.55356625 0.3618238  0.19599474 0.48368982 0.34680883 0.48368982
  0.05876326 0.67661074 0.87438748 0.87076032 0.48368982 0.83356419
  0.8505365  0.61350443 0.41756098]]
[[0.18404228 0.50037742 0.31246052 0.35943084 0.14661846 0.35943084
  0.         0.25144876 0.04819463 0.27426253 0.35943084 0.27241058
  0.26839958 0.19156737 0.13788488]
 [0.47676158 0.67658877 0.55698018 0.39636689 0.34147373 0.39636689
  0.04197486 0.57497738 0.50927915 0.76038671 0.39636689 0.77162111
  0.77225329 0.53987168 0.45073171]
 [0.39233982 0.68796462 0.64795213 0.34497536 0.25353293 0.34497536
  0.04779321 0.42265647 0.42137164 0.68605821 0.34497536 0.69660191
  0.69805048 0.42529789 0.30634146]
 [0.37017532 0.70008768 0.58286241 0.3889174  0.24957605 0.3889174
  0.05794026 0.31734273 0.33370068 0.55142465 0.3889174  0.5734116
  0.58047454 0.40696609 0.29756098]
 [0.46414642 0.7086272  0.57347242 0.4145938  0.41739599 0.4145938
  0.04931878 0.30288712 0.41672734 0.60155417 0.4145938  0.66720249
  0.6771951  0.49129239 0.29268293]
 [0.7903314  0.80824978 0.62153637 1.         0.42146307 1.
  0.03211275 0.35030753 0.57800807 0.73336386 1.         0.79535587
  0.80534986 0.59578368 0.2604878 ]
 [0.54290574 0.8756357  0.61824134 0.44141715 0.46080502 0.44141715
  0.03960652 0.35721659 0.53874879 0.71204221 0.44141715 0.83625379
  0.83225026 0.57928506 0.41756098]
 [0.73627747 1.         0.74373005 0.58366269 0.50339486 0.58366269
  0.03268805 0.45993673 0.93352357 0.94127686 0.58366269 0.92254732
  0.92927308 0.64252979 0.33463415]
 [0.03961936 0.48141512 0.21315282 0.23979612 0.03747669 0.23979612
  0.02149719 0.         0.10768474 0.06155721 0.23979612 0.08427227
  0.08160798 0.06782768 0.03512195]
 [0.61567859 0.74728375 0.53774777 0.75905162 0.30408228 0.75905162
  0.04822478 0.28446722 0.62879071 0.6532988  0.75905162 0.73149524
  0.73568082 0.45004583 0.36292683]
 [0.38653336 0.32312912 0.1778123  0.32549886 0.3385637  0.32549886
  0.07133918 0.35350178 0.661104   0.62489715 0.32549886 0.62651146
  0.62656793 0.40421632 0.28585366]
 [0.48317737 0.32717014 0.17038567 0.54977552 0.30751938 0.54977552
  0.04676947 0.3830537  0.65960838 0.67758647 0.54977552 0.67798028
  0.67976424 0.45554537 0.2497561 ]
 [0.08223944 0.17620373 0.         0.22125942 0.06768935 0.22125942
  0.01664949 0.22616426 0.24654138 0.30871553 0.22125942 0.3516077
  0.35272782 0.16315307 0.        ]
 [0.55356625 0.3618238  0.19599474 0.48368982 0.34680883 0.48368982
  0.05876326 0.67661074 0.87438748 0.87076032 0.48368982 0.83356419
  0.8505365  0.61350443 0.41756098]
 [0.49627986 0.33528649 0.18708279 0.42846413 0.34071198 0.42846413
  0.05023031 0.56223041 0.78716304 0.83482843 0.42846413 0.91055358
  0.90871996 0.55270394 0.3697561 ]]
[[0.81305977 0.89466662 0.62682465 0.73010534 0.66503583 0.73010534
  0.05621395 0.84895687 0.76872971 0.63998172 0.73010534 0.68810518
  0.69366783 0.77115796 0.32097561]
 [0.99896111 0.993481   0.696524   0.69764454 1.         0.69764454
  0.04530412 0.91130421 0.95320279 0.84048453 0.69764454 0.88060368
  0.88635333 0.89825848 0.40195122]
 [0.91700928 0.98368343 0.76033326 0.66396536 0.8119863  0.66396536
  0.02364504 1.         0.94373709 0.87362487 0.66396536 0.93327195
  0.9369805  1.         0.43707317]
 [0.73178243 0.9468949  0.68499991 0.47773607 0.64812974 0.47773607
  0.04031591 0.82028591 0.87887435 0.8061862  0.47773607 0.86673821
  0.86035968 0.88542621 0.32780488]
 [0.01020411 0.41614883 0.23863384 0.16614051 0.06743595 0.16614051
  0.07530366 0.10443279 0.         0.         0.16614051 0.
  0.         0.         0.63121951]
 [1.         0.75559453 0.9424991  0.51370786 0.57277352 0.51370786
  1.         0.60417251 1.         1.         0.51370786 1.
  1.         0.736022   0.48585366]
 [0.61609846 0.67866265 0.78713742 0.46321962 0.51667544 0.46321962
  0.03288879 0.49785769 0.8106071  0.72183453 0.46321962 0.736672
  0.73779658 0.56828598 0.26829268]
 [0.73481761 0.82974343 0.70860294 0.51050306 0.57704228 0.51050306
  0.03323003 0.66283586 0.96981206 0.93830565 0.51050306 0.95271617
  0.95118634 0.79376719 0.36682927]
 [0.52290101 0.57249056 0.67142711 0.52063806 0.35044734 0.52063806
  0.06716394 0.38693789 0.70044278 0.55435014 0.52063806 0.57728075
  0.58455493 0.47662695 0.24097561]
 [0.63122326 0.66882696 0.8619159  0.54025544 0.4408774  0.54025544
  0.0399044  0.50582629 0.79496212 0.75075423 0.54025544 0.7669367
  0.76802176 0.58661778 0.38829268]
 [0.73015763 0.92860737 0.60716115 0.60014085 0.51629209 0.60014085
  0.0459565  0.58206863 0.86135983 0.89509371 0.60014085 0.95919112
  0.9608584  0.71769019 0.24      ]
 [0.70709892 0.86389005 0.64032916 0.52186105 0.57002657 0.52186105
  0.02591914 0.68808954 0.73718331 0.94993098 0.52186105 0.95688545
  0.96342754 0.74335472 0.39121951]
 [0.18404228 0.50037742 0.31246052 0.35943084 0.14661846 0.35943084
  0.         0.25144876 0.04819463 0.27426253 0.35943084 0.27241058
  0.26839958 0.19156737 0.13788488]
 [0.47676158 0.67658877 0.55698018 0.39636689 0.34147373 0.39636689
  0.04197486 0.57497738 0.50927915 0.76038671 0.39636689 0.77162111
  0.77225329 0.53987168 0.45073171]
 [0.39233982 0.68796462 0.64795213 0.34497536 0.25353293 0.34497536
  0.04779321 0.42265647 0.42137164 0.68605821 0.34497536 0.69660191
  0.69805048 0.42529789 0.30634146]]
[[0.03961936 0.48141512 0.21315282 0.23979612 0.03747669 0.23979612
  0.02149719 0.         0.10768474 0.06155721 0.23979612 0.08427227
  0.08160798 0.06782768 0.03512195]
 [0.61567859 0.74728375 0.53774777 0.75905162 0.30408228 0.75905162
  0.04822478 0.28446722 0.62879071 0.6532988  0.75905162 0.73149524
  0.73568082 0.45004583 0.36292683]
 [0.38653336 0.32312912 0.1778123  0.32549886 0.3385637  0.32549886
  0.07133918 0.35350178 0.661104   0.62489715 0.32549886 0.62651146
  0.62656793 0.40421632 0.28585366]
 [0.48317737 0.32717014 0.17038567 0.54977552 0.30751938 0.54977552
  0.04676947 0.3830537  0.65960838 0.67758647 0.54977552 0.67798028
  0.67976424 0.45554537 0.2497561 ]
 [0.08223944 0.17620373 0.         0.22125942 0.06768935 0.22125942
  0.01664949 0.22616426 0.24654138 0.30871553 0.22125942 0.3516077
  0.35272782 0.16315307 0.        ]
 [0.55356625 0.3618238  0.19599474 0.48368982 0.34680883 0.48368982
  0.05876326 0.67661074 0.87438748 0.87076032 0.48368982 0.83356419
  0.8505365  0.61350443 0.41756098]
 [0.49627986 0.33528649 0.18708279 0.42846413 0.34071198 0.42846413
  0.05023031 0.56223041 0.78716304 0.83482843 0.42846413 0.91055358
  0.90871996 0.55270394 0.3697561 ]
 [0.5406777  0.37982159 0.21250405 0.44936696 0.39436609 0.44936696
  0.05993103 0.56185681 0.8194295  0.84934588 0.44936696 0.86423822
  0.87773916 0.54537122 0.44682927]
 [0.45436344 0.37987114 0.19472282 0.3883764  0.32348024 0.3883764
  0.08456838 0.49036079 0.74440559 0.72453893 0.3883764  0.7388593
  0.74278374 0.49129239 0.31219512]
 [0.57716697 0.39413671 0.23188158 0.45006865 0.46954597 0.45006865
  0.06125978 0.62272815 0.85616511 0.82267484 0.45006865 0.84058806
  0.85265226 0.56920257 0.71219512]
 [0.61546427 0.         0.57855155 0.38525952 0.63120415 0.38525952
  0.04191173 0.72690506 0.91622552 0.82992534 0.38525952 0.69132196
  0.69109869 0.32722273 1.        ]
 [0.74688693 0.35522473 1.         0.72700182 0.48243761 0.72700182
  0.06305423 0.65130541 0.8276934  0.78333095 0.72700182 0.86590226
  0.86126643 0.50779102 0.53073171]
 [0.29743729 0.60230643 0.56917436 0.3307496  0.10158743 0.3307496
  0.10837441 0.33165659 0.56647171 0.40812525 0.3307496  0.44321077
  0.44763488 0.26550565 0.1095922 ]
 [0.5981109  0.86512523 0.81959265 0.47697331 0.29565003 0.47697331
  0.06884026 0.59827854 0.8782942  0.86311123 0.47697331 0.90287054
  0.91763639 0.66911091 0.29463415]
 [0.50881445 0.88033243 0.79371041 0.16963557 0.4002365  0.16963557
  0.07412937 0.64473632 0.89798288 0.90388542 0.16963557 0.91488602
  0.9235303  0.67949893 0.34146341]]
[[0.61567859 0.74728375 0.53774777 0.75905162 0.30408228 0.75905162
  0.04822478 0.28446722 0.62879071 0.6532988  0.75905162 0.73149524
  0.73568082 0.45004583 0.36292683]
 [0.38653336 0.32312912 0.1778123  0.32549886 0.3385637  0.32549886
  0.07133918 0.35350178 0.661104   0.62489715 0.32549886 0.62651146
  0.62656793 0.40421632 0.28585366]
 [0.48317737 0.32717014 0.17038567 0.54977552 0.30751938 0.54977552
  0.04676947 0.3830537  0.65960838 0.67758647 0.54977552 0.67798028
  0.67976424 0.45554537 0.2497561 ]
 [0.08223944 0.17620373 0.         0.22125942 0.06768935 0.22125942
  0.01664949 0.22616426 0.24654138 0.30871553 0.22125942 0.3516077
  0.35272782 0.16315307 0.        ]
 [0.55356625 0.3618238  0.19599474 0.48368982 0.34680883 0.48368982
  0.05876326 0.67661074 0.87438748 0.87076032 0.48368982 0.83356419
  0.8505365  0.61350443 0.41756098]
 [0.49627986 0.33528649 0.18708279 0.42846413 0.34071198 0.42846413
  0.05023031 0.56223041 0.78716304 0.83482843 0.42846413 0.91055358
  0.90871996 0.55270394 0.3697561 ]
 [0.5406777  0.37982159 0.21250405 0.44936696 0.39436609 0.44936696
  0.05993103 0.56185681 0.8194295  0.84934588 0.44936696 0.86423822
  0.87773916 0.54537122 0.44682927]
 [0.45436344 0.37987114 0.19472282 0.3883764  0.32348024 0.3883764
  0.08456838 0.49036079 0.74440559 0.72453893 0.3883764  0.7388593
  0.74278374 0.49129239 0.31219512]
 [0.57716697 0.39413671 0.23188158 0.45006865 0.46954597 0.45006865
  0.06125978 0.62272815 0.85616511 0.82267484 0.45006865 0.84058806
  0.85265226 0.56920257 0.71219512]
 [0.61546427 0.         0.57855155 0.38525952 0.63120415 0.38525952
  0.04191173 0.72690506 0.91622552 0.82992534 0.38525952 0.69132196
  0.69109869 0.32722273 1.        ]
 [0.74688693 0.35522473 1.         0.72700182 0.48243761 0.72700182
  0.06305423 0.65130541 0.8276934  0.78333095 0.72700182 0.86590226
  0.86126643 0.50779102 0.53073171]
 [0.29743729 0.60230643 0.56917436 0.3307496  0.10158743 0.3307496
  0.10837441 0.33165659 0.56647171 0.40812525 0.3307496  0.44321077
  0.44763488 0.26550565 0.1095922 ]
 [0.5981109  0.86512523 0.81959265 0.47697331 0.29565003 0.47697331
  0.06884026 0.59827854 0.8782942  0.86311123 0.47697331 0.90287054
  0.91763639 0.66911091 0.29463415]
 [0.50881445 0.88033243 0.79371041 0.16963557 0.4002365  0.16963557
  0.07412937 0.64473632 0.89798288 0.90388542 0.16963557 0.91488602
  0.9235303  0.67949893 0.34146341]
 [0.35529738 0.7684038  0.72046848 0.17087808 0.18582409 0.17087808
  0.06187462 0.53521804 0.72216865 0.75398446 0.17087808 0.78425779
  0.7909929  0.57928506 0.30634146]]
[[0.01020411 0.41614883 0.23863384 0.16614051 0.06743595 0.16614051
  0.07530366 0.10443279 0.         0.         0.16614051 0.
  0.         0.         0.63121951]
 [1.         0.75559453 0.9424991  0.51370786 0.57277352 0.51370786
  1.         0.60417251 1.         1.         0.51370786 1.
  1.         0.736022   0.48585366]
 [0.61609846 0.67866265 0.78713742 0.46321962 0.51667544 0.46321962
  0.03288879 0.49785769 0.8106071  0.72183453 0.46321962 0.736672
  0.73779658 0.56828598 0.26829268]
 [0.73481761 0.82974343 0.70860294 0.51050306 0.57704228 0.51050306
  0.03323003 0.66283586 0.96981206 0.93830565 0.51050306 0.95271617
  0.95118634 0.79376719 0.36682927]
 [0.52290101 0.57249056 0.67142711 0.52063806 0.35044734 0.52063806
  0.06716394 0.38693789 0.70044278 0.55435014 0.52063806 0.57728075
  0.58455493 0.47662695 0.24097561]
 [0.63122326 0.66882696 0.8619159  0.54025544 0.4408774  0.54025544
  0.0399044  0.50582629 0.79496212 0.75075423 0.54025544 0.7669367
  0.76802176 0.58661778 0.38829268]
 [0.73015763 0.92860737 0.60716115 0.60014085 0.51629209 0.60014085
  0.0459565  0.58206863 0.86135983 0.89509371 0.60014085 0.95919112
  0.9608584  0.71769019 0.24      ]
 [0.70709892 0.86389005 0.64032916 0.52186105 0.57002657 0.52186105
  0.02591914 0.68808954 0.73718331 0.94993098 0.52186105 0.95688545
  0.96342754 0.74335472 0.39121951]
 [0.18404228 0.50037742 0.31246052 0.35943084 0.14661846 0.35943084
  0.         0.25144876 0.04819463 0.27426253 0.35943084 0.27241058
  0.26839958 0.19156737 0.13788488]
 [0.47676158 0.67658877 0.55698018 0.39636689 0.34147373 0.39636689
  0.04197486 0.57497738 0.50927915 0.76038671 0.39636689 0.77162111
  0.77225329 0.53987168 0.45073171]
 [0.39233982 0.68796462 0.64795213 0.34497536 0.25353293 0.34497536
  0.04779321 0.42265647 0.42137164 0.68605821 0.34497536 0.69660191
  0.69805048 0.42529789 0.30634146]
 [0.37017532 0.70008768 0.58286241 0.3889174  0.24957605 0.3889174
  0.05794026 0.31734273 0.33370068 0.55142465 0.3889174  0.5734116
  0.58047454 0.40696609 0.29756098]
 [0.46414642 0.7086272  0.57347242 0.4145938  0.41739599 0.4145938
  0.04931878 0.30288712 0.41672734 0.60155417 0.4145938  0.66720249
  0.6771951  0.49129239 0.29268293]
 [0.7903314  0.80824978 0.62153637 1.         0.42146307 1.
  0.03211275 0.35030753 0.57800807 0.73336386 1.         0.79535587
  0.80534986 0.59578368 0.2604878 ]
 [0.54290574 0.8756357  0.61824134 0.44141715 0.46080502 0.44141715
  0.03960652 0.35721659 0.53874879 0.71204221 0.44141715 0.83625379
  0.83225026 0.57928506 0.41756098]]
[[0.73481761 0.82974343 0.70860294 0.51050306 0.57704228 0.51050306
  0.03323003 0.66283586 0.96981206 0.93830565 0.51050306 0.95271617
  0.95118634 0.79376719 0.36682927]
 [0.52290101 0.57249056 0.67142711 0.52063806 0.35044734 0.52063806
  0.06716394 0.38693789 0.70044278 0.55435014 0.52063806 0.57728075
  0.58455493 0.47662695 0.24097561]
 [0.63122326 0.66882696 0.8619159  0.54025544 0.4408774  0.54025544
  0.0399044  0.50582629 0.79496212 0.75075423 0.54025544 0.7669367
  0.76802176 0.58661778 0.38829268]
 [0.73015763 0.92860737 0.60716115 0.60014085 0.51629209 0.60014085
  0.0459565  0.58206863 0.86135983 0.89509371 0.60014085 0.95919112
  0.9608584  0.71769019 0.24      ]
 [0.70709892 0.86389005 0.64032916 0.52186105 0.57002657 0.52186105
  0.02591914 0.68808954 0.73718331 0.94993098 0.52186105 0.95688545
  0.96342754 0.74335472 0.39121951]
 [0.18404228 0.50037742 0.31246052 0.35943084 0.14661846 0.35943084
  0.         0.25144876 0.04819463 0.27426253 0.35943084 0.27241058
  0.26839958 0.19156737 0.13788488]
 [0.47676158 0.67658877 0.55698018 0.39636689 0.34147373 0.39636689
  0.04197486 0.57497738 0.50927915 0.76038671 0.39636689 0.77162111
  0.77225329 0.53987168 0.45073171]
 [0.39233982 0.68796462 0.64795213 0.34497536 0.25353293 0.34497536
  0.04779321 0.42265647 0.42137164 0.68605821 0.34497536 0.69660191
  0.69805048 0.42529789 0.30634146]
 [0.37017532 0.70008768 0.58286241 0.3889174  0.24957605 0.3889174
  0.05794026 0.31734273 0.33370068 0.55142465 0.3889174  0.5734116
  0.58047454 0.40696609 0.29756098]
 [0.46414642 0.7086272  0.57347242 0.4145938  0.41739599 0.4145938
  0.04931878 0.30288712 0.41672734 0.60155417 0.4145938  0.66720249
  0.6771951  0.49129239 0.29268293]
 [0.7903314  0.80824978 0.62153637 1.         0.42146307 1.
  0.03211275 0.35030753 0.57800807 0.73336386 1.         0.79535587
  0.80534986 0.59578368 0.2604878 ]
 [0.54290574 0.8756357  0.61824134 0.44141715 0.46080502 0.44141715
  0.03960652 0.35721659 0.53874879 0.71204221 0.44141715 0.83625379
  0.83225026 0.57928506 0.41756098]
 [0.73627747 1.         0.74373005 0.58366269 0.50339486 0.58366269
  0.03268805 0.45993673 0.93352357 0.94127686 0.58366269 0.92254732
  0.92927308 0.64252979 0.33463415]
 [0.03961936 0.48141512 0.21315282 0.23979612 0.03747669 0.23979612
  0.02149719 0.         0.10768474 0.06155721 0.23979612 0.08427227
  0.08160798 0.06782768 0.03512195]
 [0.61567859 0.74728375 0.53774777 0.75905162 0.30408228 0.75905162
  0.04822478 0.28446722 0.62879071 0.6532988  0.75905162 0.73149524
  0.73568082 0.45004583 0.36292683]]
[[0.52290101 0.57249056 0.67142711 0.52063806 0.35044734 0.52063806
  0.06716394 0.38693789 0.70044278 0.55435014 0.52063806 0.57728075
  0.58455493 0.47662695 0.24097561]
 [0.63122326 0.66882696 0.8619159  0.54025544 0.4408774  0.54025544
  0.0399044  0.50582629 0.79496212 0.75075423 0.54025544 0.7669367
  0.76802176 0.58661778 0.38829268]
 [0.73015763 0.92860737 0.60716115 0.60014085 0.51629209 0.60014085
  0.0459565  0.58206863 0.86135983 0.89509371 0.60014085 0.95919112
  0.9608584  0.71769019 0.24      ]
 [0.70709892 0.86389005 0.64032916 0.52186105 0.57002657 0.52186105
  0.02591914 0.68808954 0.73718331 0.94993098 0.52186105 0.95688545
  0.96342754 0.74335472 0.39121951]
 [0.18404228 0.50037742 0.31246052 0.35943084 0.14661846 0.35943084
  0.         0.25144876 0.04819463 0.27426253 0.35943084 0.27241058
  0.26839958 0.19156737 0.13788488]
 [0.47676158 0.67658877 0.55698018 0.39636689 0.34147373 0.39636689
  0.04197486 0.57497738 0.50927915 0.76038671 0.39636689 0.77162111
  0.77225329 0.53987168 0.45073171]
 [0.39233982 0.68796462 0.64795213 0.34497536 0.25353293 0.34497536
  0.04779321 0.42265647 0.42137164 0.68605821 0.34497536 0.69660191
  0.69805048 0.42529789 0.30634146]
 [0.37017532 0.70008768 0.58286241 0.3889174  0.24957605 0.3889174
  0.05794026 0.31734273 0.33370068 0.55142465 0.3889174  0.5734116
  0.58047454 0.40696609 0.29756098]
 [0.46414642 0.7086272  0.57347242 0.4145938  0.41739599 0.4145938
  0.04931878 0.30288712 0.41672734 0.60155417 0.4145938  0.66720249
  0.6771951  0.49129239 0.29268293]
 [0.7903314  0.80824978 0.62153637 1.         0.42146307 1.
  0.03211275 0.35030753 0.57800807 0.73336386 1.         0.79535587
  0.80534986 0.59578368 0.2604878 ]
 [0.54290574 0.8756357  0.61824134 0.44141715 0.46080502 0.44141715
  0.03960652 0.35721659 0.53874879 0.71204221 0.44141715 0.83625379
  0.83225026 0.57928506 0.41756098]
 [0.73627747 1.         0.74373005 0.58366269 0.50339486 0.58366269
  0.03268805 0.45993673 0.93352357 0.94127686 0.58366269 0.92254732
  0.92927308 0.64252979 0.33463415]
 [0.03961936 0.48141512 0.21315282 0.23979612 0.03747669 0.23979612
  0.02149719 0.         0.10768474 0.06155721 0.23979612 0.08427227
  0.08160798 0.06782768 0.03512195]
 [0.61567859 0.74728375 0.53774777 0.75905162 0.30408228 0.75905162
  0.04822478 0.28446722 0.62879071 0.6532988  0.75905162 0.73149524
  0.73568082 0.45004583 0.36292683]
 [0.38653336 0.32312912 0.1778123  0.32549886 0.3385637  0.32549886
  0.07133918 0.35350178 0.661104   0.62489715 0.32549886 0.62651146
  0.62656793 0.40421632 0.28585366]]
[[0.46414642 0.7086272  0.57347242 0.4145938  0.41739599 0.4145938
  0.04931878 0.30288712 0.41672734 0.60155417 0.4145938  0.66720249
  0.6771951  0.49129239 0.29268293]
 [0.7903314  0.80824978 0.62153637 1.         0.42146307 1.
  0.03211275 0.35030753 0.57800807 0.73336386 1.         0.79535587
  0.80534986 0.59578368 0.2604878 ]
 [0.54290574 0.8756357  0.61824134 0.44141715 0.46080502 0.44141715
  0.03960652 0.35721659 0.53874879 0.71204221 0.44141715 0.83625379
  0.83225026 0.57928506 0.41756098]
 [0.73627747 1.         0.74373005 0.58366269 0.50339486 0.58366269
  0.03268805 0.45993673 0.93352357 0.94127686 0.58366269 0.92254732
  0.92927308 0.64252979 0.33463415]
 [0.03961936 0.48141512 0.21315282 0.23979612 0.03747669 0.23979612
  0.02149719 0.         0.10768474 0.06155721 0.23979612 0.08427227
  0.08160798 0.06782768 0.03512195]
 [0.61567859 0.74728375 0.53774777 0.75905162 0.30408228 0.75905162
  0.04822478 0.28446722 0.62879071 0.6532988  0.75905162 0.73149524
  0.73568082 0.45004583 0.36292683]
 [0.38653336 0.32312912 0.1778123  0.32549886 0.3385637  0.32549886
  0.07133918 0.35350178 0.661104   0.62489715 0.32549886 0.62651146
  0.62656793 0.40421632 0.28585366]
 [0.48317737 0.32717014 0.17038567 0.54977552 0.30751938 0.54977552
  0.04676947 0.3830537  0.65960838 0.67758647 0.54977552 0.67798028
  0.67976424 0.45554537 0.2497561 ]
 [0.08223944 0.17620373 0.         0.22125942 0.06768935 0.22125942
  0.01664949 0.22616426 0.24654138 0.30871553 0.22125942 0.3516077
  0.35272782 0.16315307 0.        ]
 [0.55356625 0.3618238  0.19599474 0.48368982 0.34680883 0.48368982
  0.05876326 0.67661074 0.87438748 0.87076032 0.48368982 0.83356419
  0.8505365  0.61350443 0.41756098]
 [0.49627986 0.33528649 0.18708279 0.42846413 0.34071198 0.42846413
  0.05023031 0.56223041 0.78716304 0.83482843 0.42846413 0.91055358
  0.90871996 0.55270394 0.3697561 ]
 [0.5406777  0.37982159 0.21250405 0.44936696 0.39436609 0.44936696
  0.05993103 0.56185681 0.8194295  0.84934588 0.44936696 0.86423822
  0.87773916 0.54537122 0.44682927]
 [0.45436344 0.37987114 0.19472282 0.3883764  0.32348024 0.3883764
  0.08456838 0.49036079 0.74440559 0.72453893 0.3883764  0.7388593
  0.74278374 0.49129239 0.31219512]
 [0.57716697 0.39413671 0.23188158 0.45006865 0.46954597 0.45006865
  0.06125978 0.62272815 0.85616511 0.82267484 0.45006865 0.84058806
  0.85265226 0.56920257 0.71219512]
 [0.61546427 0.         0.57855155 0.38525952 0.63120415 0.38525952
  0.04191173 0.72690506 0.91622552 0.82992534 0.38525952 0.69132196
  0.69109869 0.32722273 1.        ]]
[[0.61609846 0.67866265 0.78713742 0.46321962 0.51667544 0.46321962
  0.03288879 0.49785769 0.8106071  0.72183453 0.46321962 0.736672
  0.73779658 0.56828598 0.26829268]
 [0.73481761 0.82974343 0.70860294 0.51050306 0.57704228 0.51050306
  0.03323003 0.66283586 0.96981206 0.93830565 0.51050306 0.95271617
  0.95118634 0.79376719 0.36682927]
 [0.52290101 0.57249056 0.67142711 0.52063806 0.35044734 0.52063806
  0.06716394 0.38693789 0.70044278 0.55435014 0.52063806 0.57728075
  0.58455493 0.47662695 0.24097561]
 [0.63122326 0.66882696 0.8619159  0.54025544 0.4408774  0.54025544
  0.0399044  0.50582629 0.79496212 0.75075423 0.54025544 0.7669367
  0.76802176 0.58661778 0.38829268]
 [0.73015763 0.92860737 0.60716115 0.60014085 0.51629209 0.60014085
  0.0459565  0.58206863 0.86135983 0.89509371 0.60014085 0.95919112
  0.9608584  0.71769019 0.24      ]
 [0.70709892 0.86389005 0.64032916 0.52186105 0.57002657 0.52186105
  0.02591914 0.68808954 0.73718331 0.94993098 0.52186105 0.95688545
  0.96342754 0.74335472 0.39121951]
 [0.18404228 0.50037742 0.31246052 0.35943084 0.14661846 0.35943084
  0.         0.25144876 0.04819463 0.27426253 0.35943084 0.27241058
  0.26839958 0.19156737 0.13788488]
 [0.47676158 0.67658877 0.55698018 0.39636689 0.34147373 0.39636689
  0.04197486 0.57497738 0.50927915 0.76038671 0.39636689 0.77162111
  0.77225329 0.53987168 0.45073171]
 [0.39233982 0.68796462 0.64795213 0.34497536 0.25353293 0.34497536
  0.04779321 0.42265647 0.42137164 0.68605821 0.34497536 0.69660191
  0.69805048 0.42529789 0.30634146]
 [0.37017532 0.70008768 0.58286241 0.3889174  0.24957605 0.3889174
  0.05794026 0.31734273 0.33370068 0.55142465 0.3889174  0.5734116
  0.58047454 0.40696609 0.29756098]
 [0.46414642 0.7086272  0.57347242 0.4145938  0.41739599 0.4145938
  0.04931878 0.30288712 0.41672734 0.60155417 0.4145938  0.66720249
  0.6771951  0.49129239 0.29268293]
 [0.7903314  0.80824978 0.62153637 1.         0.42146307 1.
  0.03211275 0.35030753 0.57800807 0.73336386 1.         0.79535587
  0.80534986 0.59578368 0.2604878 ]
 [0.54290574 0.8756357  0.61824134 0.44141715 0.46080502 0.44141715
  0.03960652 0.35721659 0.53874879 0.71204221 0.44141715 0.83625379
  0.83225026 0.57928506 0.41756098]
 [0.73627747 1.         0.74373005 0.58366269 0.50339486 0.58366269
  0.03268805 0.45993673 0.93352357 0.94127686 0.58366269 0.92254732
  0.92927308 0.64252979 0.33463415]
 [0.03961936 0.48141512 0.21315282 0.23979612 0.03747669 0.23979612
  0.02149719 0.         0.10768474 0.06155721 0.23979612 0.08427227
  0.08160798 0.06782768 0.03512195]]
[[0.63122326 0.66882696 0.8619159  0.54025544 0.4408774  0.54025544
  0.0399044  0.50582629 0.79496212 0.75075423 0.54025544 0.7669367
  0.76802176 0.58661778 0.38829268]
 [0.73015763 0.92860737 0.60716115 0.60014085 0.51629209 0.60014085
  0.0459565  0.58206863 0.86135983 0.89509371 0.60014085 0.95919112
  0.9608584  0.71769019 0.24      ]
 [0.70709892 0.86389005 0.64032916 0.52186105 0.57002657 0.52186105
  0.02591914 0.68808954 0.73718331 0.94993098 0.52186105 0.95688545
  0.96342754 0.74335472 0.39121951]
 [0.18404228 0.50037742 0.31246052 0.35943084 0.14661846 0.35943084
  0.         0.25144876 0.04819463 0.27426253 0.35943084 0.27241058
  0.26839958 0.19156737 0.13788488]
 [0.47676158 0.67658877 0.55698018 0.39636689 0.34147373 0.39636689
  0.04197486 0.57497738 0.50927915 0.76038671 0.39636689 0.77162111
  0.77225329 0.53987168 0.45073171]
 [0.39233982 0.68796462 0.64795213 0.34497536 0.25353293 0.34497536
  0.04779321 0.42265647 0.42137164 0.68605821 0.34497536 0.69660191
  0.69805048 0.42529789 0.30634146]
 [0.37017532 0.70008768 0.58286241 0.3889174  0.24957605 0.3889174
  0.05794026 0.31734273 0.33370068 0.55142465 0.3889174  0.5734116
  0.58047454 0.40696609 0.29756098]
 [0.46414642 0.7086272  0.57347242 0.4145938  0.41739599 0.4145938
  0.04931878 0.30288712 0.41672734 0.60155417 0.4145938  0.66720249
  0.6771951  0.49129239 0.29268293]
 [0.7903314  0.80824978 0.62153637 1.         0.42146307 1.
  0.03211275 0.35030753 0.57800807 0.73336386 1.         0.79535587
  0.80534986 0.59578368 0.2604878 ]
 [0.54290574 0.8756357  0.61824134 0.44141715 0.46080502 0.44141715
  0.03960652 0.35721659 0.53874879 0.71204221 0.44141715 0.83625379
  0.83225026 0.57928506 0.41756098]
 [0.73627747 1.         0.74373005 0.58366269 0.50339486 0.58366269
  0.03268805 0.45993673 0.93352357 0.94127686 0.58366269 0.92254732
  0.92927308 0.64252979 0.33463415]
 [0.03961936 0.48141512 0.21315282 0.23979612 0.03747669 0.23979612
  0.02149719 0.         0.10768474 0.06155721 0.23979612 0.08427227
  0.08160798 0.06782768 0.03512195]
 [0.61567859 0.74728375 0.53774777 0.75905162 0.30408228 0.75905162
  0.04822478 0.28446722 0.62879071 0.6532988  0.75905162 0.73149524
  0.73568082 0.45004583 0.36292683]
 [0.38653336 0.32312912 0.1778123  0.32549886 0.3385637  0.32549886
  0.07133918 0.35350178 0.661104   0.62489715 0.32549886 0.62651146
  0.62656793 0.40421632 0.28585366]
 [0.48317737 0.32717014 0.17038567 0.54977552 0.30751938 0.54977552
  0.04676947 0.3830537  0.65960838 0.67758647 0.54977552 0.67798028
  0.67976424 0.45554537 0.2497561 ]]
[[0.73627747 1.         0.74373005 0.58366269 0.50339486 0.58366269
  0.03268805 0.45993673 0.93352357 0.94127686 0.58366269 0.92254732
  0.92927308 0.64252979 0.33463415]
 [0.03961936 0.48141512 0.21315282 0.23979612 0.03747669 0.23979612
  0.02149719 0.         0.10768474 0.06155721 0.23979612 0.08427227
  0.08160798 0.06782768 0.03512195]
 [0.61567859 0.74728375 0.53774777 0.75905162 0.30408228 0.75905162
  0.04822478 0.28446722 0.62879071 0.6532988  0.75905162 0.73149524
  0.73568082 0.45004583 0.36292683]
 [0.38653336 0.32312912 0.1778123  0.32549886 0.3385637  0.32549886
  0.07133918 0.35350178 0.661104   0.62489715 0.32549886 0.62651146
  0.62656793 0.40421632 0.28585366]
 [0.48317737 0.32717014 0.17038567 0.54977552 0.30751938 0.54977552
  0.04676947 0.3830537  0.65960838 0.67758647 0.54977552 0.67798028
  0.67976424 0.45554537 0.2497561 ]
 [0.08223944 0.17620373 0.         0.22125942 0.06768935 0.22125942
  0.01664949 0.22616426 0.24654138 0.30871553 0.22125942 0.3516077
  0.35272782 0.16315307 0.        ]
 [0.55356625 0.3618238  0.19599474 0.48368982 0.34680883 0.48368982
  0.05876326 0.67661074 0.87438748 0.87076032 0.48368982 0.83356419
  0.8505365  0.61350443 0.41756098]
 [0.49627986 0.33528649 0.18708279 0.42846413 0.34071198 0.42846413
  0.05023031 0.56223041 0.78716304 0.83482843 0.42846413 0.91055358
  0.90871996 0.55270394 0.3697561 ]
 [0.5406777  0.37982159 0.21250405 0.44936696 0.39436609 0.44936696
  0.05993103 0.56185681 0.8194295  0.84934588 0.44936696 0.86423822
  0.87773916 0.54537122 0.44682927]
 [0.45436344 0.37987114 0.19472282 0.3883764  0.32348024 0.3883764
  0.08456838 0.49036079 0.74440559 0.72453893 0.3883764  0.7388593
  0.74278374 0.49129239 0.31219512]
 [0.57716697 0.39413671 0.23188158 0.45006865 0.46954597 0.45006865
  0.06125978 0.62272815 0.85616511 0.82267484 0.45006865 0.84058806
  0.85265226 0.56920257 0.71219512]
 [0.61546427 0.         0.57855155 0.38525952 0.63120415 0.38525952
  0.04191173 0.72690506 0.91622552 0.82992534 0.38525952 0.69132196
  0.69109869 0.32722273 1.        ]
 [0.74688693 0.35522473 1.         0.72700182 0.48243761 0.72700182
  0.06305423 0.65130541 0.8276934  0.78333095 0.72700182 0.86590226
  0.86126643 0.50779102 0.53073171]
 [0.29743729 0.60230643 0.56917436 0.3307496  0.10158743 0.3307496
  0.10837441 0.33165659 0.56647171 0.40812525 0.3307496  0.44321077
  0.44763488 0.26550565 0.1095922 ]
 [0.5981109  0.86512523 0.81959265 0.47697331 0.29565003 0.47697331
  0.06884026 0.59827854 0.8782942  0.86311123 0.47697331 0.90287054
  0.91763639 0.66911091 0.29463415]]
[[0.54290574 0.8756357  0.61824134 0.44141715 0.46080502 0.44141715
  0.03960652 0.35721659 0.53874879 0.71204221 0.44141715 0.83625379
  0.83225026 0.57928506 0.41756098]
 [0.73627747 1.         0.74373005 0.58366269 0.50339486 0.58366269
  0.03268805 0.45993673 0.93352357 0.94127686 0.58366269 0.92254732
  0.92927308 0.64252979 0.33463415]
 [0.03961936 0.48141512 0.21315282 0.23979612 0.03747669 0.23979612
  0.02149719 0.         0.10768474 0.06155721 0.23979612 0.08427227
  0.08160798 0.06782768 0.03512195]
 [0.61567859 0.74728375 0.53774777 0.75905162 0.30408228 0.75905162
  0.04822478 0.28446722 0.62879071 0.6532988  0.75905162 0.73149524
  0.73568082 0.45004583 0.36292683]
 [0.38653336 0.32312912 0.1778123  0.32549886 0.3385637  0.32549886
  0.07133918 0.35350178 0.661104   0.62489715 0.32549886 0.62651146
  0.62656793 0.40421632 0.28585366]
 [0.48317737 0.32717014 0.17038567 0.54977552 0.30751938 0.54977552
  0.04676947 0.3830537  0.65960838 0.67758647 0.54977552 0.67798028
  0.67976424 0.45554537 0.2497561 ]
 [0.08223944 0.17620373 0.         0.22125942 0.06768935 0.22125942
  0.01664949 0.22616426 0.24654138 0.30871553 0.22125942 0.3516077
  0.35272782 0.16315307 0.        ]
 [0.55356625 0.3618238  0.19599474 0.48368982 0.34680883 0.48368982
  0.05876326 0.67661074 0.87438748 0.87076032 0.48368982 0.83356419
  0.8505365  0.61350443 0.41756098]
 [0.49627986 0.33528649 0.18708279 0.42846413 0.34071198 0.42846413
  0.05023031 0.56223041 0.78716304 0.83482843 0.42846413 0.91055358
  0.90871996 0.55270394 0.3697561 ]
 [0.5406777  0.37982159 0.21250405 0.44936696 0.39436609 0.44936696
  0.05993103 0.56185681 0.8194295  0.84934588 0.44936696 0.86423822
  0.87773916 0.54537122 0.44682927]
 [0.45436344 0.37987114 0.19472282 0.3883764  0.32348024 0.3883764
  0.08456838 0.49036079 0.74440559 0.72453893 0.3883764  0.7388593
  0.74278374 0.49129239 0.31219512]
 [0.57716697 0.39413671 0.23188158 0.45006865 0.46954597 0.45006865
  0.06125978 0.62272815 0.85616511 0.82267484 0.45006865 0.84058806
  0.85265226 0.56920257 0.71219512]
 [0.61546427 0.         0.57855155 0.38525952 0.63120415 0.38525952
  0.04191173 0.72690506 0.91622552 0.82992534 0.38525952 0.69132196
  0.69109869 0.32722273 1.        ]
 [0.74688693 0.35522473 1.         0.72700182 0.48243761 0.72700182
  0.06305423 0.65130541 0.8276934  0.78333095 0.72700182 0.86590226
  0.86126643 0.50779102 0.53073171]
 [0.29743729 0.60230643 0.56917436 0.3307496  0.10158743 0.3307496
  0.10837441 0.33165659 0.56647171 0.40812525 0.3307496  0.44321077
  0.44763488 0.26550565 0.1095922 ]]
[[0.37017532 0.70008768 0.58286241 0.3889174  0.24957605 0.3889174
  0.05794026 0.31734273 0.33370068 0.55142465 0.3889174  0.5734116
  0.58047454 0.40696609 0.29756098]
 [0.46414642 0.7086272  0.57347242 0.4145938  0.41739599 0.4145938
  0.04931878 0.30288712 0.41672734 0.60155417 0.4145938  0.66720249
  0.6771951  0.49129239 0.29268293]
 [0.7903314  0.80824978 0.62153637 1.         0.42146307 1.
  0.03211275 0.35030753 0.57800807 0.73336386 1.         0.79535587
  0.80534986 0.59578368 0.2604878 ]
 [0.54290574 0.8756357  0.61824134 0.44141715 0.46080502 0.44141715
  0.03960652 0.35721659 0.53874879 0.71204221 0.44141715 0.83625379
  0.83225026 0.57928506 0.41756098]
 [0.73627747 1.         0.74373005 0.58366269 0.50339486 0.58366269
  0.03268805 0.45993673 0.93352357 0.94127686 0.58366269 0.92254732
  0.92927308 0.64252979 0.33463415]
 [0.03961936 0.48141512 0.21315282 0.23979612 0.03747669 0.23979612
  0.02149719 0.         0.10768474 0.06155721 0.23979612 0.08427227
  0.08160798 0.06782768 0.03512195]
 [0.61567859 0.74728375 0.53774777 0.75905162 0.30408228 0.75905162
  0.04822478 0.28446722 0.62879071 0.6532988  0.75905162 0.73149524
  0.73568082 0.45004583 0.36292683]
 [0.38653336 0.32312912 0.1778123  0.32549886 0.3385637  0.32549886
  0.07133918 0.35350178 0.661104   0.62489715 0.32549886 0.62651146
  0.62656793 0.40421632 0.28585366]
 [0.48317737 0.32717014 0.17038567 0.54977552 0.30751938 0.54977552
  0.04676947 0.3830537  0.65960838 0.67758647 0.54977552 0.67798028
  0.67976424 0.45554537 0.2497561 ]
 [0.08223944 0.17620373 0.         0.22125942 0.06768935 0.22125942
  0.01664949 0.22616426 0.24654138 0.30871553 0.22125942 0.3516077
  0.35272782 0.16315307 0.        ]
 [0.55356625 0.3618238  0.19599474 0.48368982 0.34680883 0.48368982
  0.05876326 0.67661074 0.87438748 0.87076032 0.48368982 0.83356419
  0.8505365  0.61350443 0.41756098]
 [0.49627986 0.33528649 0.18708279 0.42846413 0.34071198 0.42846413
  0.05023031 0.56223041 0.78716304 0.83482843 0.42846413 0.91055358
  0.90871996 0.55270394 0.3697561 ]
 [0.5406777  0.37982159 0.21250405 0.44936696 0.39436609 0.44936696
  0.05993103 0.56185681 0.8194295  0.84934588 0.44936696 0.86423822
  0.87773916 0.54537122 0.44682927]
 [0.45436344 0.37987114 0.19472282 0.3883764  0.32348024 0.3883764
  0.08456838 0.49036079 0.74440559 0.72453893 0.3883764  0.7388593
  0.74278374 0.49129239 0.31219512]
 [0.57716697 0.39413671 0.23188158 0.45006865 0.46954597 0.45006865
  0.06125978 0.62272815 0.85616511 0.82267484 0.45006865 0.84058806
  0.85265226 0.56920257 0.71219512]]
[[0.47676158 0.67658877 0.55698018 0.39636689 0.34147373 0.39636689
  0.04197486 0.57497738 0.50927915 0.76038671 0.39636689 0.77162111
  0.77225329 0.53987168 0.45073171]
 [0.39233982 0.68796462 0.64795213 0.34497536 0.25353293 0.34497536
  0.04779321 0.42265647 0.42137164 0.68605821 0.34497536 0.69660191
  0.69805048 0.42529789 0.30634146]
 [0.37017532 0.70008768 0.58286241 0.3889174  0.24957605 0.3889174
  0.05794026 0.31734273 0.33370068 0.55142465 0.3889174  0.5734116
  0.58047454 0.40696609 0.29756098]
 [0.46414642 0.7086272  0.57347242 0.4145938  0.41739599 0.4145938
  0.04931878 0.30288712 0.41672734 0.60155417 0.4145938  0.66720249
  0.6771951  0.49129239 0.29268293]
 [0.7903314  0.80824978 0.62153637 1.         0.42146307 1.
  0.03211275 0.35030753 0.57800807 0.73336386 1.         0.79535587
  0.80534986 0.59578368 0.2604878 ]
 [0.54290574 0.8756357  0.61824134 0.44141715 0.46080502 0.44141715
  0.03960652 0.35721659 0.53874879 0.71204221 0.44141715 0.83625379
  0.83225026 0.57928506 0.41756098]
 [0.73627747 1.         0.74373005 0.58366269 0.50339486 0.58366269
  0.03268805 0.45993673 0.93352357 0.94127686 0.58366269 0.92254732
  0.92927308 0.64252979 0.33463415]
 [0.03961936 0.48141512 0.21315282 0.23979612 0.03747669 0.23979612
  0.02149719 0.         0.10768474 0.06155721 0.23979612 0.08427227
  0.08160798 0.06782768 0.03512195]
 [0.61567859 0.74728375 0.53774777 0.75905162 0.30408228 0.75905162
  0.04822478 0.28446722 0.62879071 0.6532988  0.75905162 0.73149524
  0.73568082 0.45004583 0.36292683]
 [0.38653336 0.32312912 0.1778123  0.32549886 0.3385637  0.32549886
  0.07133918 0.35350178 0.661104   0.62489715 0.32549886 0.62651146
  0.62656793 0.40421632 0.28585366]
 [0.48317737 0.32717014 0.17038567 0.54977552 0.30751938 0.54977552
  0.04676947 0.3830537  0.65960838 0.67758647 0.54977552 0.67798028
  0.67976424 0.45554537 0.2497561 ]
 [0.08223944 0.17620373 0.         0.22125942 0.06768935 0.22125942
  0.01664949 0.22616426 0.24654138 0.30871553 0.22125942 0.3516077
  0.35272782 0.16315307 0.        ]
 [0.55356625 0.3618238  0.19599474 0.48368982 0.34680883 0.48368982
  0.05876326 0.67661074 0.87438748 0.87076032 0.48368982 0.83356419
  0.8505365  0.61350443 0.41756098]
 [0.49627986 0.33528649 0.18708279 0.42846413 0.34071198 0.42846413
  0.05023031 0.56223041 0.78716304 0.83482843 0.42846413 0.91055358
  0.90871996 0.55270394 0.3697561 ]
 [0.5406777  0.37982159 0.21250405 0.44936696 0.39436609 0.44936696
  0.05993103 0.56185681 0.8194295  0.84934588 0.44936696 0.86423822
  0.87773916 0.54537122 0.44682927]]
[[0.38653336 0.32312912 0.1778123  0.32549886 0.3385637  0.32549886
  0.07133918 0.35350178 0.661104   0.62489715 0.32549886 0.62651146
  0.62656793 0.40421632 0.28585366]
 [0.48317737 0.32717014 0.17038567 0.54977552 0.30751938 0.54977552
  0.04676947 0.3830537  0.65960838 0.67758647 0.54977552 0.67798028
  0.67976424 0.45554537 0.2497561 ]
 [0.08223944 0.17620373 0.         0.22125942 0.06768935 0.22125942
  0.01664949 0.22616426 0.24654138 0.30871553 0.22125942 0.3516077
  0.35272782 0.16315307 0.        ]
 [0.55356625 0.3618238  0.19599474 0.48368982 0.34680883 0.48368982
  0.05876326 0.67661074 0.87438748 0.87076032 0.48368982 0.83356419
  0.8505365  0.61350443 0.41756098]
 [0.49627986 0.33528649 0.18708279 0.42846413 0.34071198 0.42846413
  0.05023031 0.56223041 0.78716304 0.83482843 0.42846413 0.91055358
  0.90871996 0.55270394 0.3697561 ]
 [0.5406777  0.37982159 0.21250405 0.44936696 0.39436609 0.44936696
  0.05993103 0.56185681 0.8194295  0.84934588 0.44936696 0.86423822
  0.87773916 0.54537122 0.44682927]
 [0.45436344 0.37987114 0.19472282 0.3883764  0.32348024 0.3883764
  0.08456838 0.49036079 0.74440559 0.72453893 0.3883764  0.7388593
  0.74278374 0.49129239 0.31219512]
 [0.57716697 0.39413671 0.23188158 0.45006865 0.46954597 0.45006865
  0.06125978 0.62272815 0.85616511 0.82267484 0.45006865 0.84058806
  0.85265226 0.56920257 0.71219512]
 [0.61546427 0.         0.57855155 0.38525952 0.63120415 0.38525952
  0.04191173 0.72690506 0.91622552 0.82992534 0.38525952 0.69132196
  0.69109869 0.32722273 1.        ]
 [0.74688693 0.35522473 1.         0.72700182 0.48243761 0.72700182
  0.06305423 0.65130541 0.8276934  0.78333095 0.72700182 0.86590226
  0.86126643 0.50779102 0.53073171]
 [0.29743729 0.60230643 0.56917436 0.3307496  0.10158743 0.3307496
  0.10837441 0.33165659 0.56647171 0.40812525 0.3307496  0.44321077
  0.44763488 0.26550565 0.1095922 ]
 [0.5981109  0.86512523 0.81959265 0.47697331 0.29565003 0.47697331
  0.06884026 0.59827854 0.8782942  0.86311123 0.47697331 0.90287054
  0.91763639 0.66911091 0.29463415]
 [0.50881445 0.88033243 0.79371041 0.16963557 0.4002365  0.16963557
  0.07412937 0.64473632 0.89798288 0.90388542 0.16963557 0.91488602
  0.9235303  0.67949893 0.34146341]
 [0.35529738 0.7684038  0.72046848 0.17087808 0.18582409 0.17087808
  0.06187462 0.53521804 0.72216865 0.75398446 0.17087808 0.78425779
  0.7909929  0.57928506 0.30634146]
 [0.         0.51008349 0.42229355 0.         0.         0.
  0.02737867 0.2318504  0.25333071 0.28549444 0.         0.33901921
  0.32900106 0.13015582 0.05853659]]
[[0.73015763 0.92860737 0.60716115 0.60014085 0.51629209 0.60014085
  0.0459565  0.58206863 0.86135983 0.89509371 0.60014085 0.95919112
  0.9608584  0.71769019 0.24      ]
 [0.70709892 0.86389005 0.64032916 0.52186105 0.57002657 0.52186105
  0.02591914 0.68808954 0.73718331 0.94993098 0.52186105 0.95688545
  0.96342754 0.74335472 0.39121951]
 [0.18404228 0.50037742 0.31246052 0.35943084 0.14661846 0.35943084
  0.         0.25144876 0.04819463 0.27426253 0.35943084 0.27241058
  0.26839958 0.19156737 0.13788488]
 [0.47676158 0.67658877 0.55698018 0.39636689 0.34147373 0.39636689
  0.04197486 0.57497738 0.50927915 0.76038671 0.39636689 0.77162111
  0.77225329 0.53987168 0.45073171]
 [0.39233982 0.68796462 0.64795213 0.34497536 0.25353293 0.34497536
  0.04779321 0.42265647 0.42137164 0.68605821 0.34497536 0.69660191
  0.69805048 0.42529789 0.30634146]
 [0.37017532 0.70008768 0.58286241 0.3889174  0.24957605 0.3889174
  0.05794026 0.31734273 0.33370068 0.55142465 0.3889174  0.5734116
  0.58047454 0.40696609 0.29756098]
 [0.46414642 0.7086272  0.57347242 0.4145938  0.41739599 0.4145938
  0.04931878 0.30288712 0.41672734 0.60155417 0.4145938  0.66720249
  0.6771951  0.49129239 0.29268293]
 [0.7903314  0.80824978 0.62153637 1.         0.42146307 1.
  0.03211275 0.35030753 0.57800807 0.73336386 1.         0.79535587
  0.80534986 0.59578368 0.2604878 ]
 [0.54290574 0.8756357  0.61824134 0.44141715 0.46080502 0.44141715
  0.03960652 0.35721659 0.53874879 0.71204221 0.44141715 0.83625379
  0.83225026 0.57928506 0.41756098]
 [0.73627747 1.         0.74373005 0.58366269 0.50339486 0.58366269
  0.03268805 0.45993673 0.93352357 0.94127686 0.58366269 0.92254732
  0.92927308 0.64252979 0.33463415]
 [0.03961936 0.48141512 0.21315282 0.23979612 0.03747669 0.23979612
  0.02149719 0.         0.10768474 0.06155721 0.23979612 0.08427227
  0.08160798 0.06782768 0.03512195]
 [0.61567859 0.74728375 0.53774777 0.75905162 0.30408228 0.75905162
  0.04822478 0.28446722 0.62879071 0.6532988  0.75905162 0.73149524
  0.73568082 0.45004583 0.36292683]
 [0.38653336 0.32312912 0.1778123  0.32549886 0.3385637  0.32549886
  0.07133918 0.35350178 0.661104   0.62489715 0.32549886 0.62651146
  0.62656793 0.40421632 0.28585366]
 [0.48317737 0.32717014 0.17038567 0.54977552 0.30751938 0.54977552
  0.04676947 0.3830537  0.65960838 0.67758647 0.54977552 0.67798028
  0.67976424 0.45554537 0.2497561 ]
 [0.08223944 0.17620373 0.         0.22125942 0.06768935 0.22125942
  0.01664949 0.22616426 0.24654138 0.30871553 0.22125942 0.3516077
  0.35272782 0.16315307 0.        ]]
